Custom brain region	root	Isocortex	Olfactory areas	Hippocampal formation	Cortical subplate	Striatum	Pallidum	Thalamus	Thalamus, sensory-motor cortex related	Thalamus, polymodal association cortex related	Hypothalamus	Periventricular zone	Periventricular region	Hypothalamic medial zone	Hypothalamic lateral zone	Median eminence	Midbrain	Midbrain, sensory related	Midbrain, motor related	Midbrain, behavioral state related	Pons	Pons, sensory related	Pons, motor related	Pons, behavioral state related	Medulla	Medulla, sensory related	Medulla, motor related	Medulla, behavioral state related	Cerebellum	Cerebellar cortex	Cerebellar nuclei	fiber tracts	ventricular systems
RGB colour	0;0;0	143;0;142	101;45;66	129;47;180	117;37;120	103;41;6	122;102;51	0;143;127	0;127;123	0;111;96	25;187;199	0;162;175	0;170;184	0;179;193	13;183;196	13;183;196	0;155;0	0;133;0	0;111;0	0;111;0	0;100;119	0;81;144	0;69;121	0;60;106	0;100;50	0;90;45	0;76;38	0;57;29	15;15;127	15;15;127	15;15;127	51;51;51	85;85;85
Atlas Ids	997	315	698	1089	703	477	803	549	864	856	1097	157	141	467	290	10671	313	339	323	348	771	1132	987	1117	354	386	370	379	512	528	519	1009	73
		184	507	1080	583	485	818		637	138		390	72	88	194			302	381	374		612	280	679		207	653	206		645	989	967	81
		68	151	375	942	672	1022		629	218		332	263	331	226			851	749	1052		7	880	147		607	661	230		912	91	949	98
		667	188	382	952	493	1031		685	1020		38	272	210	356			842	607344830	165		867	599626927	162		96	576	222		920	846	840	108
		526157192	196	423	966	56	835		709	1029		30	830	491	364			834	246	12		123	898	604		101	135			976	589508455	1016	129
		526157196	204	463	131	998	342		718	325		118	452	732	576073704			4	128	100		398	931	146		720	939			984		21	140
		526322264	159	726	295	754	298		725	560581551		223	523	606826647	173			811	294	607344834		122	1093	238		711	143			928		665	145
		500	589	10703	303	275	826		733	239			763	606826651	470			820	26	607344838		105	318	350		1039	839			1091		538	153
		985	597	10704	311	242	904		741	255			914	606826655	614			828	42	607344842		114	534	358		903	1048			936		900	164
		320	605	632	451	250	564		563807435	127			1109	606826659	797			580	17	607344846			574			642	372			944		848	
		943	814	982	319	258	596		406	1096			126	525	804			271	10	607344850			621			651	83			951		916	
		648	961	19	327	266	581		414	1104			133	557				874	795	607344854			549009215			429	136			957		336	
		844	619	822	334	310	809		422	64			347	1126				460	50	607344858			549009219			437	106			968		117	
		882	260	909	780	333	351		609	1120			286	1				599626923	67	607344862			549009223			445	203			1073		125	
		993	268	918		278	287		1044	1113			338	515					587	197			549009227			589508451	235			1007		832	
		656	1139	1121		23			1008	155			576073699	980					614454277	591							955			1017		62	
		962	631	20		292			475	444			689	1004					1100	872							963			1056		158	
		767	639	52		536			1072	59				63					215								307			1064		911	
		1021	647	139		544			1079	362				693					531								395			1025		901	
		1085	655	28		551			1088	366				946					628								1098			1033		93	
		453	663	926		559			170	1077									634								1107			1041		229	
		322	788	526		1105			496345664	571									706								852			1049		794	
		353	566	543		403			496345668	149									1061								859					798	
		558		664					496345672	15									549009203								938					1116	
		838		727						181									616								970					933	
		654		743						560581559									214								978					413	
		702		843						51									35								154					948	
		889		1037						189									549009211								177					841	
		929		1084						599									975								169					506	
		329		502						907									115								1069					658	
		981		484682470						575									606826663								701					633	
		201		589508447						930									757								209					482	
		1047		484682508						560581563									231								202					917	
		1070								262									66								225					237	
		1038								1014									75								217					792	
		1062								27									58								765					932	
		337								563807439																	773					514	
		1030								178																	781					380	
		113								321																						697	
		1094								958																						960	
		1128								483																						744	
		478								186																						752	
		510																														326	
		345																														812	
		878																														850	
		657																														866	
		950																														78	
		974																														1123	
		1102																														553	
		2																														728	
		369																														484682512	
		450																														983	
		854																														776	
		577																														956	
		625																														579	
		945																														964	
		1026																														1108	
		361																														971	
		1006																														484682516	
		670																														986	
		1086																														784	
		1111																														6	
		9																														924	
		461																														190	
		182305689																														198	
		182305693																														896	
		182305697																														1092	
		182305701																														484682520	
		182305705																														484682524	
		182305709																														1000	
		182305713																														760	
		378																														102	
		873																														877	
		806																														1051	
		1035																														1060	
		1090																														1043	
		862																														863	
		893																														397	
		1057																														991	
		36																														768	
		180																														884	
		148																														908	
		187																														940	
		638																														1099	
		662																														466	
		677																														530	
		897																														603	
		1106																														737	
		1010																														428	
		1058																														436	
		857																														618	
		849																														443	
		247																														449	
		1011																														301	
		527																														484682528	
		600																														824	
		678																														54	
		252																														349	
		156																														46	
		243																														753	
		1002																														690	
		735																														681	
		251																														673	
		816																														1083	
		847																														802	
		954																														595	
		1005																														611	
		1027																															
		696																															
		643																															
		759																															
		791																															
		249																															
		456																															
		1018																															
		959																															
		755																															
		990																															
		1023																															
		520																															
		598																															
		669																															
		402																															
		1074																															
		905																															
		1114																															
		233																															
		601																															
		649																															
		394																															
		281																															
		1066																															
		401																															
		433																															
		1046																															
		441																															
		409																															
		421																															
		973																															
		573																															
		613																															
		74																															
		121																															
		385																															
		593																															
		821																															
		721																															
		778																															
		33																															
		305																															
		425																															
		750																															
		269																															
		869																															
		902																															
		377																															
		393																															
		533																															
		805																															
		41																															
		501																															
		565																															
		257																															
		469																															
		312782574																															
		312782578																															
		312782582																															
		312782586																															
		312782590																															
		312782594																															
		312782598																															
		312782628																															
		312782632																															
		312782636																															
		312782640																															
		312782644																															
		312782648																															
		312782652																															
		31																															
		39																															
		935																															
		211																															
		1015																															
		919																															
		927																															
		48																															
		588																															
		296																															
		772																															
		810																															
		819																															
		972																															
		171																															
		304																															
		363																															
		84																															
		132																															
		44																															
		707																															
		556																															
		827																															
		1054																															
		1081																															
		714																															
		723																															
		448																															
		412																															
		630																															
		440																															
		488																															
		731																															
		484																															
		582																															
		620																															
		910																															
		527696977																															
		746																															
		969																															
		288																															
		1125																															
		608																															
		680																															
		95																															
		104																															
		996																															
		328																															
		1101																															
		783																															
		831																															
		111																															
		120																															
		163																															
		344																															
		314																															
		355																															
		119																															
		704																															
		694																															
		800																															
		675																															
		699																															
		254																															
		894																															
		671																															
		965																															
		774																															
		906																															
		279																															
		879																															
		442																															
		434																															
		610																															
		274																															
		330																															
		886																															
		542																															
		430																															
		687																															
		590																															
		622																															
		22																															
		312782546																															
		312782550																															
		312782554																															
		312782558																															
		312782562																															
		312782566																															
		312782570																															
		417																															
		312782604																															
		312782608																															
		312782612																															
		312782616																															
		312782620																															
		312782624																															
		541																															
		97																															
		1127																															
		234																															
		289																															
		729																															
		786																															
		922																															
		540																															
		888																															
		692																															
		335																															
		368																															
		895																															
		836																															
		427																															
		988																															
		977																															
		1045																															
